7 -70 0 -100 0 0 0 0
7 -140 0 -100 0 0 0 0
7 -210 0 -100 0 0 0 0

4 100 40 60 0 0 0 0 
4 220 80 60 0 0 0 0
4 340 120 60 0 0 0 0

7 460 0 -100 0 0 0 0


4 780 120 -20 0 0 0 0
4 780 120 60 0 0 0 0
4 780 120 140 0 0 0 0

1 640 0 140 0 0 0 0
1 710 0 140 0 0 0 0
1 710 70 140 0 0 0 0

4 630 80 -20 5 50 0 0
4 940 120 60 5 60 0 0

7 1100 0 -100 0 0 0 0


1 1300 0 -100 0 0 0 0
1 1300 0 -20 0 0 0 0
1 1300 70 -20 0 0 0 0
1 1300 0 220 0 0 0 0
1 1300 70 220 0 0 0 0

1 1600 0 -100 0 0 0 0
1 1500 0 60 0 0 0 0
1 1500 0 140 0 0 0 0
1 1700 0 220 0 0 0 0

4 1700 70 60 5 0 50 0
4 1820 120 60 0 0 0 0

7 1900 0 -100 0 0 0 0


2 1350 5 140 8 110 0 0
2 1350 5 60 5 -110 0 0
2 1460 5 -100 5 30 0 0
2 1500 5 220 7 70 0 0
2 1650 5 -20 6 220 0 0
2 1750 5 140 5 160 0 0
2 1850 5 60 5 0 0 130
2 1800 5 60 6 0 0 -130

3 2200 80 -100 10 0 -70 0
3 2200 80 -20 10 0 70 0 
3 2200 80 60 8 0 70 0
3 2200 80 140 9 0 -70 0
3 2200 80 220 10 0 -70 0

3 2350 80 -100 9 0 -70 0
3 2350 80 -20 10 0 70 0
3 2350 80 60 8 0 70 0
3 2350 80 220 10 0 -70 0

3 2500 80 -100 10 0 70 0
3 2500 80 140 8 0 -70 0
3 2500 80 60 9 0 70 0
3 2500 80 220 10 0 -70 0

3 2650 80 -100 10 0 70 0
3 2650 80 -20 9 0 -70 0 
3 2650 80 60 8 0 70 0
3 2650 80 140 10 0 70 0
3 2650 80 220 8 0 -70 0

3 2800 80 -100 8 0 70 0
3 2800 80 140 10 0 -70 0
3 2800 80 -20 9 0 -70 0
3 2800 80 220 10 0 70 0

4 2950 60 -20 5 0 40 0
4 3100 100 -20 0 0 0 0

3 3250 90 -100 10 0 80 0
3 3250 90 -20 8 0 -80 0
3 3250 90 60 9 0 80 0

1 3250 0 140 0 0 0 0
1 3250 0 220 0 0 0 0
1 3250 70 220 0 0 0 0

1 3320 0 140 0 0 0 0
1 3320 0 220 0 0 0 0
1 3320 70 220 0 0 0 0

1 3390 0 140 0 0 0 0
1 3390 0 220 0 0 0 0

3 3400 90 -100 9 0 80 0
3 3400 90 -20 9 0 -80 0
3 3400 90 60 10 0 80 0

7 3530 0 -100 0 0 0 0


1 3750 0 220 0 0 0 0
1 3750 70 220 0 0 0 0

3 3750 80 -100 10 0 -65 0
3 3750 80 -20 9 0 65 0 
3 3750 80 60 10 0 -65 0
3 3750 80 140 8 0 65 0

3 3900 0 20 0 0 0 0
5 4000 0 -100 0 0 0 0 
5 4000 0 100 0 0 0 0 

1 4170 0 0 0 0 0 0
1 4170 0 200 0 0 0 0

5 4350 0 220 0 0 0 0
4 4400 30 10 5 0 0 120
4 4490 30 30 0 0 0 0
4 4600 80 -20 0 0 0 0
1 4700 0 -20 0 0 0 0
1 4700 70 -20 0 0 0 0

1 4000 0 0 0 0 0 0 
1 4000 70 0 0 0 0 0
1 4000 0 220 0 0 0 0
1 4000 70 220 0 0 0 0

2 3800 5 -100 6 -140 0 0 
2 4470 5 -100 5 250 0 0 
2 3750 5 -20 6 150 0 0
2 4450 5 -20 7 -200 0 0 
2 3750 5 60 5 -100 0 0
2 3800 5 140 6 150 0 0 
2 3800 5 220 5 40 0 0 
2 4370 5 140 6 180 0 0
2 4640 5 60 5 0 0 140
2 4550 5 60 7 0 0 -140
2 4500 5 0 6 0 0 140
2 4115 5 60 6 0 0 140
2 4260 5 60 7 0 0 -140 

7 4770 0 -100 0 0 0 0



1 5050 0 -100 0 0 0 0
1 5050 70 -100 0 0 0 0
1 5050 140 -100 0 0 0 0
1 5050 0 60 0 0 0 0
1 5050 70 60 0 0 0 0
1 5050 140 60 0 0 0 0
1 5050 0 140 0 0 0 0
1 5050 70 140 0 0 0 0
1 5050 140 140 0 0 0 0
1 5050 0 220 0 0 0 0
1 5050 70 220 0 0 0 0
1 5050 140 220 0 0 0 0 


1 5120 0 60 0 0 0 0
1 5120 70 60 0 0 0 0
1 5120 140 60 0 0 0 0
1 5120 0 140 0 0 0 0
1 5120 70 140 0 0 0 0
1 5120 140 140 0 0 0 0
1 5120 0 220 0 0 0 0
1 5120 70 220 0 0 0 0
1 5120 140 220 0 0 0 0

1 5190 0 -20 0 0 0 0
1 5190 70 -20 0 0 0 0
1 5190 140 -20 0 0 0 0
1 5190 0 60 0 0 0 0
1 5190 70 60 0 0 0 0
1 5190 140 60 0 0 0 0
1 5190 0 140 0 0 0 0
1 5190 70 140 0 0 0 0
1 5190 140 140 0 0 0 0
1 5190 0 220 0 0 0 0
1 5190 70 220 0 0 0 0
1 5190 140 220 0 0 0 0

1 5260 0 140 0 0 0 0
1 5260 70 140 0 0 0 0
1 5260 140 140 0 0 0 0
1 5260 0 220 0 0 0 0
1 5260 70 220 0 0 0 0
1 5260 140 220 0 0 0 0

1 5330 0 -100 0 0 0 0
1 5330 70 -100 0 0 0 0
1 5330 140 -100 0 0 0 0
1 5330 0 -20 0 0 0 0
1 5330 70 -20 0 0 0 0
1 5330 140 -20 0 0 0 0
1 5330 0 220 0 0 0 0
1 5330 70 220 0 0 0 0
1 5330 140 220 0 0 0 0

1 5400 0 -100 0 0 0 0
1 5400 70 -100 0 0 0 0
1 5400 140 -100 0 0 0 0
1 5400 0 -20 0 0 0 0
1 5400 70 -20 0 0 0 0
1 5400 140 -20 0 0 0 0
1 5400 0 60 0 0 0 0
1 5400 70 60 0 0 0 0
1 5400 140 60 0 0 0 0

1 5400 140 140 0 0 0 0
1 5400 0 220 0 0 0 0
1 5400 70 220 0 0 0 0
1 5400 140 220 0 0 0 0

1 5470 140 -100 0 0 0 0
1 5470 140 -20 0 0 0 0
1 5470 140 60 0 0 0 0
1 5470 140 140 0 0 0 0
1 5470 140 220 0 0 0 0

1 5540 0 -20 0 0 0 0
1 5540 70 -20 0 0 0 0
1 5540 140 -20 0 0 0 0
1 5540 0 60 0 0 0 0
1 5540 70 60 0 0 0 0
1 5540 140 60 0 0 0 0
1 5540 0 140 0 0 0 0
1 5540 70 140 0 0 0 0
1 5540 140 140 0 0 0 0
1 5540 0 220 0 0 0 0
1 5540 70 220 0 0 0 0
1 5540 140 220 0 0 0 0

1 5610 0 220 0 0 0 0
1 5610 70 220 0 0 0 0
1 5610 140 220 0 0 0 0

1 5680 0 60 0 0 0 0
1 5680 70 60 0 0 0 0
1 5680 140 60 0 0 0 0
1 5680 0 -20 0 0 0 0
1 5680 70 -20 0 0 0 0
1 5680 140 -20 0 0 0 0
1 5680 0 -100 0 0 0 0
1 5680 70 -100 0 0 0 0
1 5680 140 -100 0 0 0 0
1 5680 0 220 0 0 0 0
1 5680 70 220 0 0 0 0
1 5680 140 220 0 0 0 0

1 5750 140 220 0 0 0 0 
1 5750 140 140 0 0 0 0
1 5750 140 60 0 0 0 0
1 5750 140 -20 0 0 0 0
1 5750 140 -100 0 0 0 0

1 5820 0 -100 0 0 0 0
1 5820 70 -100 0 0 0 0
1 5820 140 -100 0 0 0 0
1 5820 0 60 0 0 0 0
1 5820 70 60 0 0 0 0
1 5820 140 60 0 0 0 0
1 5820 0 140 0 0 0 0
1 5820 70 140 0 0 0 0
1 5820 140 140 0 0 0 0
1 5820 0 220 0 0 0 0
1 5820 70 220 0 0 0 0
1 5820 140 220 0 0 0 0

1 5890 0 220 0 0 0 0
1 5960 0 220 0 0 0 0
1 6030 0 220 0 0 0 0
1 6100 0 220 0 0 0 0
1 6170 0 220 0 0 0 0
1 6170 70 220 0 0 0 0
3 6190 140 230 0 0 0 0
3 5890 70 230 0 0 0 0
3 5970 70 230 0 0 0 0
3 6050 70 230 0 0 0 0 
3 6120 70 230 0 0 0 0


3 6030 0 150 0 0 0 0
3 6110 0 150 0 0 0 0
3 6110 60 150 0 0 0 0
3 6190 0 150 0 0 0 0
3 6190 60 150 0  0 0 0
3 6190 120 150 0 0 0 0

7 6255 0 -100 0 0 0 0

6 6410 0 140 5 160 0 0
6 6380 0 14 6 180 0 0 
6 6580 0 -80 6  200 0 0
6 6800 0 100 4 180 0 0 
6 7030 0 -100 5 200 0 0

1 6320 0 140 0 0 0 0
1 6320 0 220 0 0 0 0
1 6480 0 60 0 0 0 0
1 6480 0 -20 0 0 0 0
1 7030 0 220 0 0 0 0
1 7030 70 220 0 0 0 0
1 6960 0 5 0 0 0 0
1 6960 70 5 0 0 0 0



4 6820 80 220 5 50 0 0
4 6800 80 5 0 0 0 0

5 6650 0 5 0 0 0 0
5 6650 0 220 0 0 0 0


7 7100 0 -100 0 0 0 0 

1 7450 0 140 0 0 0 0
1 7520 0 60 0 0 0 0
1 7520 70 60 0 0 0 0
1 7520 0 140 0 0 0 0
1 7520 70 140 0 0 0 0
1 8500 0 140 0 0 0 0
1 8500 70 140 0 0 0 0
1 8500 0 220 0 0 0 0
1 8500 70 220 0 0 0 0
1 8670 0 80 0 0 0 0
1 8670 70 80 0 0 0 0
1 8900 0 -20 0 0 0 0
1 8900 70 -20 0 0 0 0
1 8900 00 -100 0 0 0 0
1 8970 0 -100 0 0 0 0


2 7290 2 60 7 0 0 130
2 7340 2 60 5 0 0 -130
2 7660 2 0 5 100 0 0
2 7650 2 0 7 -140 0 0
2 7645 2 -80 6 -150 0 0
2 7700 2 60 5 0 0 -130
2 7780 2 60 5 0 0 130
2 8070 2 -20 5 50 0 0
2 8470 2 -20 6 140 0 0
2 8470 2 -20 5 -140 0 0
2 8585 2 -100 5 240 0 0
2 8595 2 -100 5 -240 0 0
2 8595 2 -100 7 -240 0 0
2 8780 2 220 5 130 0 0 
2 8780 2 220 5 -140 0 0


3 7250 80 60 8 0 60 0
3 7350 80 60 9 0 -60 0
3 7965 80 -100 9 0 70 0
3 7965 80 60 9 0 -70 0
3 7965 80 140 10 0 70 0
3 7965 80 220 8 0 -70 0
3 8170 80 -100 10 0 70 0
3 8170 80 -20 10 0 -70 0
3 8800 80 -20 9 0 70 0
3 9000 80 140 8 0 70 0

4 7680 100 140 5 80 0 0 
4 8600 170 220 0 0 0 0
4 8900 100 100 5 0 0 30

5 7850 0 -100 0 0 0 0
5 7850 0 -20 0 0 0 0
5 7850 0 60 0 0 0 0
5 8300 0 140 0 0 0 0
5 8400 0 140 0 0 0 0
5 8670 0 -20 0 0 0 0
5 8670 50 -20 0 0 0 0

6 7190 0 220 6 200 0 0
6 7220 0 -20 5 180 0 0
6 7450 0 230 5 200 0 0
6 7650 0 140 7 280 0 0
6 8070 0 220 7 200 0 0
6 8270 0 30 6 160 0 0 
6 8600 0 220 6 200 0 0
6 8520 0 60 5 200 0 0
6 8810 0 150 6 180 0 0
6 9060 0 -80 6 200 0 0
6 9000 0 70 5 150 0 0
6 9050 0 220 6 200 0 0


7 9130 0 -100 0 0 0 0









 